<?xml version="1.0" encoding="UTF-8" standalone="no"?>
<!DOCTYPE svg PUBLIC "-//W3C//DTD SVG 20010904//EN"
              "http://www.w3.org/TR/2001/REC-SVG-20010904/DTD/svg10.dtd">

<svg xmlns="http://www.w3.org/2000/svg"
     width="7.6in" height="6.64444in"
     viewBox="0 0 684 598">
  <path id="Imported Path"
        fill="none" stroke="black" stroke-width="1"
        d="M 640.67,256.33
           C 640.67,256.33 134.64,256.33 134.64,256.33
             134.64,256.33 289.52,70.31 289.52,70.31
             295.68,62.90 299.39,53.39 299.39,43.00
             299.39,19.41 280.26,0.28 256.67,0.28
             243.46,0.28 231.65,6.27 223.81,15.69
             223.81,15.69 10.48,271.69 10.48,271.69
             9.05,273.71 7.77,275.84 6.64,278.07
             6.64,280.23 6.64,281.51 3.65,283.64
             1.76,288.38 0.71,293.57 0.67,299.00
             0.71,304.42 1.76,309.60 3.64,314.36
             3.65,316.49 3.65,317.77 6.64,319.91
             7.76,322.14 9.04,324.28 10.47,326.31
             10.47,326.31 223.81,582.31 223.81,582.31
             231.64,591.69 243.42,597.67 256.60,597.67
             256.62,597.67 256.64,597.67 256.67,597.67
             256.69,597.67 256.72,597.67 256.75,597.67
             267.10,597.67 276.59,593.98 283.97,587.85
             293.40,580.03 299.41,568.22 299.41,555.01
             299.41,544.62 295.69,535.09 289.52,527.69
             289.52,527.69 134.64,341.67 134.64,341.67
             134.64,341.67 640.67,341.67 640.67,341.67
             664.23,341.67 683.33,322.56 683.33,299.00
             683.33,275.44 664.23,256.33 640.67,256.33
             640.67,256.33 640.67,256.33 640.67,256.33 Z" />
</svg>
